101 101 101 010 110 110 101 011 011 010|101 101 101 010 110 110 101 011 011 010 



101101101010110110101011011010101101101010110110101011011010101101101010110110101011011010101101101010110110101011011010101101101010110110101011011010101101101010110110101011011010101101101010110110101011011010101101101010110110101011011010 
1 0 1 1 0 1 1 0 1 0 1 0 1 1 0 1 1 0 1 0 1 0 1 1 0 1 1 0 1 0|1 0 1 1 0 1 1 0 1 0 1 0 1 1 0 1 1 0 1 0 1 0 1 1 0 1 1 0 1 0|1 0 1 1 0 1 1 0 1 0 1 0 1 1 0 1 1 0 1 0 1 0 1 1 0 1 1 0 1 0|1 0 1 1 0 1 1 0 1 0 1 0 1 1 0 1 1 0 1 0 1 0 1 1 0 1 1 0 1 0
1 0 1 1 0 1 1 0 1 0 1 0 1 1 0 1 1 0 1 0 1 0 1 1 0 1 1 0 1 0 1 0 1 1 0 1 1 0 1 0 1 0 1 1 0 1 1 0 1 0 1 0 1 1 0 1 1 0 1 0 1 0 1 1 0 1 1 0 1 0 1 0 1 1 0 1 1 0 1 0 
1   1   0   1   0   1   0   1   1   0   1   1   0   1   0   1   0   1   1   0   1   1   0   1   0   1   0   1   1   0   1   1   0   1   0   1   0   1   1   0   
1               0               1               1               0               1               1               0               1               0
//the png
1               0               1               1               0               1               1               0               1               0
1   1   0   1   0   1   0   1   1   0   1   1   0   1   0   1   0   1   1   0   1   1   0   1   0   1   0   1   1   0   1   1   0   1   0   1   0   1   1   0   
1 0 1 1 0 1 1 0 1 0 1 0 1 1 0 1 1 0 1 0 1 0 1 1 0 1 1 0 1 0 1 0 1 1 0 1 1 0 1 0 1 0 1 1 0 1 1 0 1 0 1 0 1 1 0 1 1 0 1 0|1 0 1 1 0 1 1 0 1 0 1 0 1 1 0 1 1 0 1 0 
1011011010101101101010110110101011011010101101101010110110101011011010101101101010110110101011011010101101101010110110101011011010101101101010110110101011011010

1011011010101101101010110110101011011010101101101010110110101011011010101101101010110110101011011010101101101010110110101011011010101101101010110110101011011010
__.__.______.__.______.__.______.__.______.__.______.__.______.__.______.__.______.__.______.__.______.__.______.__.______.__.______.__


